1 10
100 200
201 210
900 1000
1 999999
236440 367836
938095 136255
803176 843509
315728 853618
570149 240109
946715 44241
786230 564807
40210 646384
388796 901188
996336 695301
320066 973090
588321 827829
5975 922830
735397 830359
566384 675531
917343 152060
804092 184215
893576 400782
662767 813989
806073 368733
635390 400731
253155 273103
429496 718686
721897 51072
155047 695362
729022 531161
156668 780805
43982 551197
274697 285910
74066 48415
913643 518543
628884 681748
983697 903520
707733 167174
874042 658273
735771 366361
271895 300932
702715 868330
763105 273394
436038 470831
955974 278942
657785 637472
911591 585828
330991 667082
240858 471000
181597 865746
915343 848937
991137 861262
627285 265384
172839 528739
82002 183816
258688 573969
331981 992796
79029 280820
528980 207070
49367 500197
826068 222023
371941 904131
106650 31871
2117 828634
679521 457380
308862 436077
142976 501040
345152 364641
931400 14804
100091 622491
853385 68612
618424 689699
279787 159551
803467 476017
336292 10651
877505 188760
479292 736226
161639 937296
171953 977026
226456 990108
970126 391987
483768 58850
867811 325525
101450 322375
270636 456254
934272 551447
920856 267298
170885 154221
52280 89771
159119 962893
222728 674102
532995 789397
732517 201650
7271 427700
972565 529108
675451 976640
878154 448557
252205 546362
836690 931263